# sweep: 320 configs x 25 stocks, 15m/60d yfinance, train/test split
 atr  mult  ema         exit    train     test  trades   win%
  21   3.0  100          tp3    -4169    -2278     147   34.7
  21   3.0  100   be1.0+noTr    -3960    -2484     147   33.3
  21   3.0  100  be1.0+tr2.0    -4123    -2616     147   36.1
  21   2.0   20          tp3   -10310    -2802     355   40.0
   7   2.5  100          tp3    -7503    -2870     172   32.6
  21   1.5   50  be1.0+tr2.0   -12498    -2900     344   38.1
  21   1.5   50   be1.0+noTr   -12376    -2929     344   38.1
  21   1.5   20  be1.0+tr2.0   -11960    -2956     448   38.6
  21   2.0   20  be1.0+tr2.0   -10180    -2968     355   39.7
  21   1.5   20   be1.0+noTr   -11839    -3022     448   38.6
  14   3.0  100   be1.0+noTr    -4300    -3047     141   33.3
  14   1.5   20  be1.0+tr2.0   -13217    -3052     450   38.2
  21   2.0   20   be1.0+noTr   -10367    -3054     355   39.7
  14   3.0  100  be1.0+tr2.0    -4371    -3092     141   34.8
  14   1.5   20   be1.0+noTr   -13213    -3119     450   38.2
  21   3.0  100  be0.5+tr1.5    -4017    -3178     147   34.0
  14   3.0  100  be0.5+tr1.5    -4280    -3185     141   31.2
  14   3.0   50   be1.0+noTr    -3681    -3265     177   35.0
  14   3.0  100          tp3    -4580    -3325     141   34.0
  14   3.0   50          tp3    -3941    -3389     177   36.2
  21   3.0   50          tp3    -3934    -3425     183   33.9
  10   1.5   20  be1.0+tr2.0   -13347    -3445     440   38.9
  21   2.0   50  be1.0+tr2.0   -11427    -3449     254   38.2
  21   2.0   50   be1.0+noTr   -11687    -3504     254   37.8
  10   1.5   20   be1.0+noTr   -13284    -3526     440   38.6
   7   2.5   50          tp3    -7220    -3536     203   34.5
  14   1.5   50  be1.0+tr2.0   -13223    -3561     338   37.3
  14   1.5   50   be1.0+noTr   -13218    -3589     338   37.3
   7   2.5  100   be1.0+noTr    -7100    -3590     172   31.4
  21   2.0   50          tp3   -11247    -3645     254   38.2
   7   2.5   20          tp3    -6892    -3690     314   36.6
  10   2.5  100          tp3    -8698    -3723     176   31.8
  21   3.0   50   be1.0+noTr    -3668    -3752     183   32.2
  21   2.0  100  be1.0+tr2.0   -12000    -3775     234   36.3
  21   2.0  100   be1.0+noTr   -12328    -3780     234   35.9
  21   1.5   20          tp3   -10664    -3821     448   38.8
  14   3.0   20   be1.0+noTr    -3968    -3836     256   37.5
   7   2.5  100  be0.5+tr1.5    -6511    -3881     172   29.1
   7   2.5  100  be1.0+tr2.0    -7082    -3888     172   32.6
  14   1.5   20          tp3   -12350    -3933     450   38.4
  14   3.0   50  be1.0+tr2.0    -3737    -3934     177   36.2
  14   2.0   50          tp3   -11278    -3968     249   39.4
  10   3.0  100          tp3    -5652    -3986     132   31.8
  21   2.0   50  be0.5+tr1.5   -10641    -3988     254   33.5
  21   2.0  100          tp3   -11809    -3999     234   36.3
  21   3.0   50  be1.0+tr2.0    -4040    -4000     183   35.0
  14   3.0   20          tp3    -4450    -4023     256   38.3
  14   2.5  100          tp3    -8610    -4035     182   30.2
  21   1.5   20  be0.5+tr1.5   -12477    -4042     448   33.0
  14   2.0   20          tp3   -10451    -4045     362   39.8
  10   2.5  100   be1.0+noTr    -8345    -4189     176   30.7
  14   2.0   50  be1.0+tr2.0   -11332    -4204     249   39.4
  10   2.0   50          tp3   -10593    -4211     246   39.8
  10   3.0   50          tp3    -4820    -4221     164   34.1
  21   1.5   50  be0.5+tr1.5   -11870    -4221     344   31.7
  21   1.5   50          tp3   -11418    -4222     344   38.4
  14   2.0   50   be1.0+noTr   -11545    -4255     249   39.0
   7   2.5   50   be1.0+noTr    -6963    -4265     203   33.5
  10   3.0  100   be1.0+noTr    -5312    -4271     132   30.3
  10   3.0  100  be1.0+tr2.0    -5429    -4274     132   31.8
  14   1.5   20  be0.5+tr1.5   -13943    -4280     450   32.4
  10   2.5   50          tp3    -8680    -4290     206   34.0
  10   2.5  100  be1.0+tr2.0    -8332    -4290     176   31.2
  10   2.0  100          tp3   -11744    -4296     227   39.2
  10   1.5   20          tp3   -12391    -4301     440   38.9
  10   3.0  100  be0.5+tr1.5    -5396    -4324     132   28.8
  14   2.0  100          tp3   -11897    -4330     230   38.3
  14   3.0   50  be0.5+tr1.5    -4489    -4348     177   32.8
  21   2.0   20  be0.5+tr1.5   -10273    -4386     355   33.2
  14   2.0   50  be0.5+tr1.5   -10544    -4424     249   33.7
   7   3.0  100          tp3    -7690    -4433     130   31.5
  14   3.0   20  be1.0+tr2.0    -4025    -4457     256   38.3
  21   2.5  100          tp3    -7267    -4463     190   30.5
  14   2.0  100   be1.0+noTr   -12268    -4511     230   37.8
   7   3.0  100  be1.0+tr2.0    -7242    -4513     130   31.5
  21   2.0  100  be0.5+tr1.5   -10928    -4516     234   32.1
  14   2.0  100  be1.0+tr2.0   -11983    -4519     230   38.3
  21   3.0   50  be0.5+tr1.5    -4330    -4573     183   33.3
  14   2.5  100   be1.0+noTr    -8248    -4579     182   29.1
  10   3.0   50  be1.0+tr2.0    -4617    -4613     164   34.1
   7   2.5   20   be1.0+noTr    -6530    -4637     314   36.0
  14   2.5  100  be1.0+tr2.0    -8546    -4650     182   29.7
   7   3.0  100   be1.0+noTr    -7242    -4656     130   30.0
  10   3.0   50   be1.0+noTr    -4499    -4660     164   32.3
   7   3.0   50          tp3    -7082    -4664     165   33.9
  10   1.5   50  be1.0+tr2.0   -14375    -4678     334   37.1
   7   2.5   50  be1.0+tr2.0    -7009    -4684     203   34.0
  21   2.5   50          tp3    -7183    -4685     215   34.0
   7   3.0   50  be1.0+tr2.0    -6647    -4694     165   34.5
  14   2.5   50          tp3    -8168    -4701     204   33.3
  14   2.0   20  be1.0+tr2.0   -10294    -4711     362   39.5
  10   1.5   50   be1.0+noTr   -14207    -4722     334   36.8
   7   3.0  100  be0.5+tr1.5    -6537    -4724     130   26.9
  10   2.5   50   be1.0+noTr    -8494    -4742     206   33.0
  14   1.5   50          tp3   -12743    -4787     338   37.6
  10   2.5   20          tp3    -8355    -4791     321   35.8
  14   2.0   20   be1.0+noTr   -10356    -4791     362   39.5
  10   2.0   50  be1.0+tr2.0   -10798    -4806     246   39.0
  10   2.0  100  be1.0+tr2.0   -11963    -4829     227   38.3
   7   3.0   50   be1.0+noTr    -6646    -4886     165   32.7
  10   2.0  100   be1.0+noTr   -12126    -4909     227   38.3
  10   2.5   50  be1.0+tr2.0    -8482    -4911     206   33.0
  10   2.0   50   be1.0+noTr   -10962    -4915     246   39.0
  14   1.5   50  be0.5+tr1.5   -12586    -4921     338   31.1
  10   1.5   20  be0.5+tr1.5   -14253    -4923     440   32.7
  14   2.0  100  be0.5+tr1.5   -10959    -4959     230   32.6
  21   2.5  100   be1.0+noTr    -7008    -4972     190   29.5
  21   3.0   20          tp3    -5025    -4975     264   35.6
  14   3.0   20  be0.5+tr1.5    -5167    -4976     256   35.2
  10   2.0   20          tp3    -9892    -4990     360   39.7
  10   2.5  100  be0.5+tr1.5    -8214    -5002     176   27.3
  21   2.5  100  be1.0+tr2.0    -7324    -5093     190   30.0
   7   2.5   20  be1.0+tr2.0    -6549    -5114     314   36.6
  21   1.5  100  be1.0+tr2.0   -15045    -5125     348   36.8
  21   1.5  100   be1.0+noTr   -14950    -5153     348   36.8
  21   2.5   50   be1.0+noTr    -7019    -5154     215   33.0
   7   1.5   20  be1.0+tr2.0   -10730    -5156     438   37.0
  14   3.0    0   be1.0+noTr    -3425    -5197     271   36.2
   7   2.5   50  be0.5+tr1.5    -6726    -5207     203   29.6
  14   2.5   50   be1.0+noTr    -7974    -5219     204   32.4
   7   1.5   20   be1.0+noTr   -10814    -5229     438   36.8
  21   2.5   50  be1.0+tr2.0    -7336    -5279     215   33.0
  21   3.0   20   be1.0+noTr    -4524    -5283     264   34.5
   7   1.5   50  be1.0+tr2.0   -12274    -5289     332   36.1
  14   2.5   50  be1.0+tr2.0    -8299    -5294     204   32.4
  10   3.0   50  be0.5+tr1.5    -5626    -5309     164   31.1
   7   1.5   50   be1.0+noTr   -12246    -5316     332   35.8
  14   3.0    0          tp3    -3785    -5384     271   36.9
   7   1.5   20          tp3   -10196    -5414     438   37.0
  10   3.0   20          tp3    -5221    -5418     245   35.5
   7   2.0  100          tp3    -9577    -5434     228   36.4
  14   2.0   20  be0.5+tr1.5   -10102    -5452     362   33.1
  21   2.5  100  be0.5+tr1.5    -7303    -5469     190   27.4
  14   2.5  100  be0.5+tr1.5    -8463    -5476     182   25.8
  21   3.0   20  be1.0+tr2.0    -4857    -5520     264   36.4
   7   3.0   50  be0.5+tr1.5    -6534    -5554     165   29.1
  10   2.0  100  be0.5+tr1.5   -10816    -5566     227   32.6
  10   2.0   50  be0.5+tr1.5   -10225    -5583     246   32.9
  10   2.5   20   be1.0+noTr    -7996    -5590     321   35.2
  21   2.5   20          tp3    -6985    -5628     321   35.5
  10   1.5   50          tp3   -13493    -5723     334   37.1
  10   2.5   50  be0.5+tr1.5    -8623    -5761     206   28.2
   7   1.5   50  be0.5+tr1.5   -12288    -5766     332   31.3
   7   1.5   50          tp3   -11518    -5793     332   36.1
  21   3.0   20  be0.5+tr1.5    -5304    -5806     264   34.5
  10   3.0   20   be1.0+noTr    -4729    -5834     245   34.3
  10   1.5   50  be0.5+tr1.5   -14036    -5852     334   30.5
  14   3.0    0  be1.0+tr2.0    -3709    -5856     271   36.9
  14   2.5   20          tp3    -8618    -5860     316   34.5
  10   3.0   20  be1.0+tr2.0    -4865    -5915     245   36.3
   7   2.5   20  be0.5+tr1.5    -7125    -5936     314   32.5
   7   2.5    0          tp3    -6516    -5961     348   35.1
  10   2.5   20  be1.0+tr2.0    -7919    -5990     321   35.5
  21   2.5   50  be0.5+tr1.5    -7717    -6001     215   27.9
   7   2.0   50          tp3    -8246    -6020     246   36.2
   7   2.0  100  be1.0+tr2.0    -9487    -6052     228   35.5
  10   2.0   20  be1.0+tr2.0    -9626    -6056     360   39.2
  10   3.0    0          tp3    -5144    -6071     251   35.5
   7   1.5   20  be0.5+tr1.5   -11671    -6075     438   32.0
  14   3.0    0  be0.5+tr1.5    -5026    -6150     271   33.9
  14   1.5  100  be1.0+tr2.0   -15904    -6163     342   35.4
  21   1.5  100          tp3   -13883    -6172     348   37.1
  14   1.5  100   be1.0+noTr   -15927    -6209     342   35.4
  21   1.5  100  be0.5+tr1.5   -14537    -6213     348   31.0
   7   2.0  100   be1.0+noTr    -9519    -6220     228   35.5
  14   2.5   50  be0.5+tr1.5    -8429    -6262     204   27.0
  10   2.0   20   be1.0+noTr    -9638    -6278     360   39.2
   7   3.0   20          tp3    -6559    -6401     242   33.9
  21   2.5   20   be1.0+noTr    -6559    -6440     321   34.9
  21   2.5   20  be1.0+tr2.0    -6826    -6481     321   35.5
  10   3.0    0   be1.0+noTr    -4773    -6487     251   34.3
   7   2.0  100  be0.5+tr1.5    -9075    -6498     228   30.7
  10   3.0   20  be0.5+tr1.5    -6589    -6506     245   32.7
  21   3.0    0          tp3    -4200    -6523     284   34.5
   7   2.0   50  be1.0+tr2.0    -8506    -6549     246   35.4
   7   3.0   20  be1.0+tr2.0    -5941    -6554     242   34.7
  14   2.5   20   be1.0+noTr    -8261    -6556     316   33.9
  10   3.0    0  be1.0+tr2.0    -5138    -6615     251   36.3
   7   3.0   20   be1.0+noTr    -5985    -6662     242   33.1
   7   2.0   20          tp3    -9206    -6712     369   36.9
   7   2.0   50   be1.0+noTr    -8466    -6760     246   35.4
   7   3.0    0          tp3    -6178    -6768     246   34.1
  14   2.5   20  be1.0+tr2.0    -8574    -6820     316   34.5
  10   2.0   20  be0.5+tr1.5    -9762    -6854     360   33.3
  21   3.0    0   be1.0+noTr    -3711    -6867     284   33.5
   7   1.5  100  be1.0+tr2.0   -13634    -6889     324   34.0
   7   2.5    0   be1.0+noTr    -6274    -6905     348   34.5
  10   1.5  100  be1.0+tr2.0   -16470    -6906     332   34.9
   7   1.5  100   be1.0+noTr   -13606    -6916     324   33.6
   7   3.0    0  be1.0+tr2.0    -5642    -6920     246   35.0
  10   1.5  100   be1.0+noTr   -16302    -6966     332   34.6
   7   3.0    0   be1.0+noTr    -5685    -7028     246   33.3
  14   1.5  100          tp3   -15345    -7041     342   35.7
  10   3.0    0  be0.5+tr1.5    -6824    -7042     251   32.3
  21   3.0    0  be1.0+tr2.0    -4317    -7104     284   35.2
  14   1.5  100  be0.5+tr1.5   -15333    -7192     342   30.1
  21   3.0    0  be0.5+tr1.5    -5127    -7296     284   33.1
  10   2.5    0          tp3    -7561    -7359     358   34.4
   7   2.0   50  be0.5+tr1.5    -8283    -7363     246   29.7
   7   1.5  100  be0.5+tr1.5   -13529    -7372     324   29.6
  10   2.5   20  be0.5+tr1.5    -9154    -7394     321   29.9
   7   3.0   20  be0.5+tr1.5    -6581    -7418     242   30.2
   7   2.5    0  be1.0+tr2.0    -6338    -7433     348   35.1
   7   1.5  100          tp3   -12600    -7510     324   34.0
  10   1.5  100          tp3   -15543    -7693     332   34.9
  21   2.5   20  be0.5+tr1.5    -7918    -7709     321   29.9
   7   3.0    0  be0.5+tr1.5    -6282    -7812     246   30.1
   7   2.0   20  be1.0+tr2.0    -9387    -7863     369   36.3
  10   1.5  100  be0.5+tr1.5   -15917    -7971     332   28.9
   7   2.5    0  be0.5+tr1.5    -6995    -8088     348   31.0
  10   2.5    0   be1.0+noTr    -7324    -8154     358   33.8
   7   2.0   20   be1.0+noTr    -9348    -8191     369   36.3
  14   2.5   20  be0.5+tr1.5    -9502    -8198     316   28.8
   7   2.0   20  be0.5+tr1.5    -9213    -8507     369   31.4
  10   2.5    0  be1.0+tr2.0    -7519    -8598     358   34.1
  21   2.0    0          tp3   -11400    -8598     513   38.2
  14   2.0    0          tp3   -11466    -8628     505   38.4
  14   2.5    0          tp3    -8503    -8667     369   33.1
  21   2.0    0  be1.0+tr2.0   -11635    -8677     513   38.2
  10   2.0    0          tp3   -10543    -8680     490   38.6
  21   2.0    0   be1.0+noTr   -11871    -8936     513   37.8
  14   2.5    0   be1.0+noTr    -8157    -9331     369   32.5
  14   2.0    0  be1.0+tr2.0   -11845    -9393     505   38.4
  21   2.5    0          tp3    -8252    -9437     386   33.9
  14   2.0    0   be1.0+noTr   -11918    -9628     505   38.0
  14   2.5    0  be1.0+tr2.0    -8742    -9633     369   33.1
  10   2.5    0  be0.5+tr1.5    -8686    -9968     358   28.2
  10   2.0    0  be1.0+tr2.0   -10535   -10064     490   38.0
  21   2.5    0  be1.0+tr2.0    -8404   -10210     386   33.9
  21   2.5    0   be1.0+noTr    -7864   -10232     386   33.4
   7   2.0    0          tp3    -8424   -10249     482   36.5
  10   2.0    0   be1.0+noTr   -10559   -10314     490   38.0
  14   2.0    0  be0.5+tr1.5   -11798   -10737     505   31.9
  21   2.0    0  be0.5+tr1.5   -11076   -10925     513   31.2
  10   2.0    0  be0.5+tr1.5   -11203   -11059     490   32.2
  14   2.5    0  be0.5+tr1.5   -10058   -11330     369   27.1
   7   2.0    0  be1.0+tr2.0    -8970   -11557     482   36.1
   7   1.0   20  be0.5+tr1.5   -19622   -11584     564   27.3
  21   2.5    0  be0.5+tr1.5    -9760   -11617     386   28.2
   7   1.0   20   be1.0+noTr   -18242   -11657     564   30.0
   7   1.0   20  be1.0+tr2.0   -18242   -11657     564   30.0
   7   2.0    0   be1.0+noTr    -8931   -11904     482   36.1
  21   1.0   20          tp3   -21466   -12044     591   29.4
  21   1.5    0  be1.0+tr2.0   -18338   -12217     762   38.2
   7   1.0   20          tp3   -17526   -12276     564   30.0
  21   1.0   20   be1.0+noTr   -22555   -12310     591   29.3
  21   1.0   20  be1.0+tr2.0   -22555   -12310     591   29.3
  21   1.5    0   be1.0+noTr   -18216   -12332     762   38.2
   7   2.0    0  be0.5+tr1.5    -8967   -12340     482   30.9
  14   1.5    0  be1.0+tr2.0   -18737   -12491     750   38.1
  21   1.0   20  be0.5+tr1.5   -22655   -12626     591   26.4
  14   1.5    0   be1.0+noTr   -18732   -12677     750   38.1
  14   1.0   20          tp3   -20407   -12766     588   29.4
  10   1.0   20   be1.0+noTr   -19343   -12794     570   29.1
  10   1.0   20  be1.0+tr2.0   -19343   -12794     570   29.1
  14   1.0   20   be1.0+noTr   -21087   -12858     588   29.3
  14   1.0   20  be1.0+tr2.0   -21087   -12858     588   29.3
  21   1.5    0          tp3   -16008   -12885     762   38.3
  10   1.0   20          tp3   -18888   -12920     570   29.3
  14   1.0   20  be0.5+tr1.5   -21571   -13141     588   26.2
  10   1.0   20  be0.5+tr1.5   -19960   -13204     570   26.0
  14   1.5    0          tp3   -17570   -13280     750   38.3
  21   1.0   50          tp3   -21848   -13794     537   28.1
  21   1.0   50   be1.0+noTr   -22853   -13918     537   27.9
  21   1.0   50  be1.0+tr2.0   -22853   -13918     537   27.9
  10   1.5    0  be1.0+tr2.0   -19192   -13921     737   38.0
   7   1.0   50  be0.5+tr1.5   -19268   -13980     513   25.3
   7   1.0   50   be1.0+noTr   -19360   -13991     513   27.5
   7   1.0   50  be1.0+tr2.0   -19360   -13991     513   27.5
  10   1.5    0   be1.0+noTr   -19167   -14020     737   37.9
   7   1.5    0  be1.0+tr2.0   -15919   -14074     714   37.5
  21   1.5    0  be0.5+tr1.5   -19226   -14075     762   32.3
   7   1.5    0   be1.0+noTr   -16003   -14146     714   37.4
   7   1.5    0          tp3   -14611   -14169     714   37.5
  14   1.0   50   be1.0+noTr   -20971   -14215     532   28.4
  14   1.0   50  be1.0+tr2.0   -20971   -14215     532   28.4
  14   1.0   50          tp3   -20334   -14260     532   28.6
  21   1.0   50  be0.5+tr1.5   -22452   -14325     537   25.1
  21   1.0  100          tp3   -25492   -14449     547   28.2
   7   1.0  100  be0.5+tr1.5   -21693   -14454     524   25.6
  10   1.5    0          tp3   -17617   -14469     737   38.0
   7   1.0  100   be1.0+noTr   -21589   -14474     524   27.7
   7   1.0  100  be1.0+tr2.0   -21589   -14474     524   27.7
  21   1.0  100   be1.0+noTr   -26493   -14531     547   28.0
  21   1.0  100  be1.0+tr2.0   -26493   -14531     547   28.0
  14   1.0   50  be0.5+tr1.5   -20199   -14550     532   25.8
  10   1.0   50   be1.0+noTr   -20141   -14588     520   27.7
  10   1.0   50  be1.0+tr2.0   -20141   -14588     520   27.7
   7   1.0   50          tp3   -18801   -14815     513   27.5
  14   1.5    0  be0.5+tr1.5   -19579   -14878     750   31.6
  10   1.0   50          tp3   -19571   -14891     520   27.9
  14   1.0  100   be1.0+noTr   -24318   -14910     547   28.5
  14   1.0  100  be1.0+tr2.0   -24318   -14910     547   28.5
  14   1.0  100          tp3   -23685   -14997     547   28.7
  21   1.0  100  be0.5+tr1.5   -26354   -15014     547   25.0
   7   1.5    0  be0.5+tr1.5   -17104   -15023     714   31.9
  10   1.0   50  be0.5+tr1.5   -19193   -15058     520   25.0
  10   1.5    0  be0.5+tr1.5   -20381   -15211     737   31.5
  14   1.0  100  be0.5+tr1.5   -24039   -15297     547   25.8
   7   1.0  100          tp3   -21156   -15340     524   27.7
  10   1.0  100   be1.0+noTr   -23736   -15433     533   27.4
  10   1.0  100  be1.0+tr2.0   -23736   -15433     533   27.4
  10   1.0  100          tp3   -23141   -15779     533   27.6
  10   1.0  100  be0.5+tr1.5   -22913   -15808     533   24.8
   7   1.0    0  be0.5+tr1.5   -33017   -28977    1162   29.1
   7   1.0    0   be1.0+noTr   -30596   -29402    1162   31.3
   7   1.0    0  be1.0+tr2.0   -30596   -29402    1162   31.3
   7   1.0    0          tp3   -29932   -29755    1162   31.3
  10   1.0    0          tp3   -32059   -30087    1172   31.3
  10   1.0    0   be1.0+noTr   -33111   -30166    1172   31.2
  10   1.0    0  be1.0+tr2.0   -33094   -30321    1172   31.2
  21   1.0    0          tp3   -35578   -30723    1200   30.8
  14   1.0    0          tp3   -33342   -30846    1194   31.3
  14   1.0    0   be1.0+noTr   -34227   -31214    1194   31.2
  14   1.0    0  be1.0+tr2.0   -34227   -31369    1194   31.2
  21   1.0    0   be1.0+noTr   -37026   -31457    1200   30.7
  10   1.0    0  be0.5+tr1.5   -34684   -31544    1172   28.1
  21   1.0    0  be1.0+tr2.0   -37026   -31612    1200   30.7
  21   1.0    0  be0.5+tr1.5   -38098   -32113    1200   27.9
  14   1.0    0  be0.5+tr1.5   -35508   -32174    1194   28.2
